moto 0.186364 0.158923 0.187879 0.175084
moto 0.391288 0.158249 0.162879 0.192593
moto 0.594697 0.152189 0.169697 0.188552
moto 0.792045 0.164310 0.164394 0.169697
moto 0.796591 0.327273 0.159848 0.175084
moto 0.795076 0.510438 0.164394 0.153535
moto 0.797727 0.685522 0.150000 0.131987
moto 0.796212 0.845791 0.151515 0.145455
moto 0.598106 0.843771 0.156818 0.146801
moto 0.600000 0.683502 0.160606 0.138721
moto 0.599242 0.515825 0.157576 0.145455
moto 0.595455 0.331987 0.159091 0.162963
moto 0.393561 0.331313 0.153788 0.153535
moto 0.390909 0.505724 0.160606 0.149495
moto 0.389394 0.675421 0.168182 0.149495
moto 0.395076 0.851852 0.153788 0.136027
moto 0.188636 0.674747 0.160606 0.142761
moto 0.190909 0.507744 0.162121 0.164310
moto 0.193561 0.352862 0.162879 0.134680
moto 0.192045 0.831650 0.150758 0.154882
