moto 0.956000 0.864615 0.076000 0.204615
moto 0.592000 0.705385 0.082000 0.169231
carro 0.692000 0.861538 0.216000 0.223077
carro 0.792000 0.795385 0.202000 0.238462
carro 0.345000 0.565385 0.176000 0.123077
carro 0.368500 0.683077 0.205000 0.118462
carro 0.093000 0.658462 0.184000 0.453846
carro 0.229500 0.548462 0.079000 0.141538
carro 0.400500 0.501538 0.113000 0.121538
carro 0.480500 0.390000 0.089000 0.092308
carro 0.534000 0.528462 0.124000 0.166154
carro 0.598500 0.402308 0.083000 0.101538
carro 0.708000 0.503077 0.100000 0.109231
carro 0.841500 0.550769 0.211000 0.143077
