moto 0.457955 0.756345 0.243182 0.409659
moto 0.110985 0.595928 0.202273 0.237311
moto 0.298106 0.484564 0.081061 0.216098
moto 0.394697 0.491193 0.118182 0.184280
moto 0.588258 0.493182 0.075000 0.148485
moto 0.668182 0.533617 0.086364 0.234659
moto 0.797348 0.621117 0.105303 0.308902
moto 0.749242 0.469318 0.054545 0.188258
moto 0.483333 0.357955 0.024242 0.106061
moto 0.918182 0.497822 0.062121 0.194886
moto 0.866667 0.439489 0.043939 0.112689
moto 0.981439 0.477936 0.031061 0.147159
moto 0.734848 0.375852 0.043939 0.086174
carro 0.559470 0.334091 0.093182 0.074242
carro 0.728030 0.328788 0.057576 0.066288
carro 0.795833 0.316193 0.056818 0.038447
moto 0.928409 0.371212 0.023485 0.055682
moto 0.835606 0.384470 0.033333 0.068939
moto 0.964015 0.428220 0.031061 0.103409
moto 0.962879 0.357292 0.027273 0.051705
