moto 0.539668 0.776413 0.178967 0.432432
moto 0.392989 0.734644 0.121771 0.348894
moto 0.183579 0.644963 0.116236 0.233415
moto 0.285978 0.568796 0.088561 0.223587
moto 0.676199 0.681818 0.142066 0.336609
moto 0.845018 0.622850 0.092251 0.253071
moto 0.902214 0.665848 0.018450 0.167076
moto 0.952952 0.744472 0.094096 0.393120
moto 0.198339 0.382064 0.060886 0.071253
moto 0.296125 0.325553 0.046125 0.095823
moto 0.821956 0.309582 0.042435 0.117936
moto 0.922509 0.291155 0.073801 0.140049
moto 0.530443 0.286241 0.046125 0.081081
moto 0.590406 0.280098 0.055351 0.093366
moto 0.614391 0.140049 0.036900 0.088452
moto 0.107011 0.740786 0.210332 0.361179
moto 0.102399 0.449631 0.086716 0.157248
